"TOA5","moti daatalogger CR1000","CR1000","40328","CR1000.Std.21","CPU:JOSEF PROG_7-current-25-08-24.CR1","15565","voltage"
"TIMESTAMP","RECORD","batt_volt_Min","PTemp","voltage1","voltage2","voltage3","voltage4","current1","current2","par1","par2"
"TS","RN","","","","","","","","","",""
"","","Min","Smp","Smp","Smp","Smp","Smp","Smp","Smp","Smp","Smp"
"2024-09-16 13:30:00",0,12.9,34.46,7999,7999,229.4,230.8,9.17,9.23,920,960
"2024-09-16 13:40:00",1,12.89,34.5,7999,7999,521.6,341.3,20.86,13.65,1736,1503
"2024-09-16 13:50:00",2,12.89,34.54,7999,7999,3.637,309.3,0.145,12.37,1386,1088
"2024-09-16 14:00:00",3,12.89,34.58,7999,7999,481.4,315.9,19.26,12.64,1736,1376
"2024-09-16 14:10:00",4,12.89,34.61,7999,7999,493.3,288.8,19.73,11.55,1282,1631
"2024-09-16 14:20:00",5,12.89,34.73,7999,7999,517.3,303.4,20.69,12.14,1736,1567
"2024-09-16 14:30:00",6,12.89,34.85,7999,7999,498.5,104.2,19.94,4.168,1347,1567
"2024-09-16 15:30:00",0,12.89,35.24,0,0,0,0,0,0,0,0
"2024-09-16 15:40:00",1,12.89,35.24,0,0,0,0,0,0,0,0
"2024-09-16 15:50:00",2,12.88,35.4,0,0,0,0,0,0,0,0
"2024-09-16 16:00:00",3,12.88,35.56,39595,43482,116.2,47.66,4.648,1.906,582.8,31.98
"2024-09-16 16:10:00",4,12.88,35.4,39858,43467,97.3,43.59,3.893,1.743,129.5,159.9
"2024-09-16 16:20:00",5,12.89,35.16,40328,43365,108.1,39.58,4.325,1.583,25.9,159.9
"2024-09-16 16:30:00",6,12.88,34.93,40900,44289,435.2,53.04,17.41,2.122,1023,63.97
"2024-09-16 16:40:00",7,12.88,34.85,40477,43558,391,39.76,15.64,1.59,855,-31.99
"2024-09-16 16:50:00",8,12.89,34.81,40142,43062,264.6,33.15,10.58,1.326,168.4,255.9
"2024-09-16 17:00:00",9,12.89,34.73,39230,42473,74.66,23.6,2.986,0.944,-116.6,159.9
"2024-09-16 17:10:00",10,12.89,34.5,41433,43018,352.1,27.78,14.08,1.111,155.4,191.9
"2024-09-16 17:20:00",11,12.89,34.31,39049,42204,68.56,20.19,2.742,0.807,285,31.99
"2024-09-16 17:30:00",12,12.9,34.08,39505,42631,71.31,24.28,2.852,0.971,168.4,63.98
"2024-09-16 17:40:00",13,12.9,33.81,41090,42851,282.7,26.98,11.31,1.079,194.3,96
"2024-09-16 17:50:00",14,12.9,33.59,40708,42147,236.9,20.25,9.48,0.81,51.82,159.9
"2024-09-16 18:00:00",15,12.91,33.32,40708,42147,236.9,20.25,9.48,0.81,51.82,159.9
"2024-09-16 18:10:00",16,12.91,32.99,40708,42147,236.9,20.25,9.48,0.81,51.82,159.9
"2024-09-16 18:20:00",17,12.9,32.7,40708,42147,236.9,20.25,9.48,0.81,51.82,159.9
"2024-09-16 18:30:00",18,12.92,32.37,40708,42147,236.9,20.25,9.48,0.81,51.82,159.9
"2024-09-16 18:40:00",19,12.93,32.01,40708,42147,236.9,20.25,9.48,0.81,51.82,159.9
"2024-09-16 18:50:00",20,12.93,31.65,40708,42147,236.9,20.25,9.48,0.81,51.82,159.9
"2024-09-16 19:00:00",21,12.93,31.33,40708,42147,236.9,20.25,9.48,0.81,51.82,159.9
"2024-09-16 19:10:00",22,12.93,31.05,40708,42147,236.9,20.25,9.48,0.81,51.82,159.9
"2024-09-16 19:20:00",23,12.95,30.74,40708,42147,236.9,20.25,9.48,0.81,51.82,159.9
"2024-09-16 19:30:00",24,12.94,30.46,40708,42147,236.9,20.25,9.48,0.81,51.82,159.9
"2024-09-16 19:40:00",25,12.95,30.22,40708,42147,236.9,20.25,9.48,0.81,51.82,159.9
"2024-09-16 19:50:00",26,12.96,29.99,40708,42147,236.9,20.25,9.48,0.81,51.82,159.9
"2024-09-16 20:00:00",27,12.96,29.78,40708,42147,236.9,20.25,9.48,0.81,51.82,159.9
"2024-09-16 20:10:00",28,12.97,29.62,40708,42147,236.9,20.25,9.48,0.81,51.82,159.9
"2024-09-16 20:20:00",29,12.97,29.42,40708,42147,236.9,20.25,9.48,0.81,51.82,159.9
"2024-09-16 20:30:00",30,12.97,29.32,40708,42147,236.9,20.25,9.48,0.81,51.82,159.9
"2024-09-16 20:40:00",31,12.97,29.18,40708,42147,236.9,20.25,9.48,0.81,51.82,159.9
"2024-09-16 20:50:00",32,12.97,29.05,40708,42147,236.9,20.25,9.48,0.81,51.82,159.9
"2024-09-16 21:00:00",33,12.98,28.89,40708,42147,236.9,20.25,9.48,0.81,51.82,159.9
"2024-09-16 21:10:00",34,12.97,28.72,40708,42147,236.9,20.25,9.48,0.81,51.82,159.9
"2024-09-16 21:20:00",35,12.98,28.59,40708,42147,236.9,20.25,9.48,0.81,51.82,159.9
"2024-09-16 21:30:00",36,12.97,28.46,40708,42147,236.9,20.25,9.48,0.81,51.82,159.9
"2024-09-16 21:40:00",37,12.98,28.33,40708,42147,236.9,20.25,9.48,0.81,51.82,159.9
"2024-09-16 21:50:00",38,12.99,28.2,40708,42147,236.9,20.25,9.48,0.81,51.82,159.9
"2024-09-16 22:00:00",39,12.99,28.07,40708,42147,236.9,20.25,9.48,0.81,51.82,159.9
"2024-09-16 22:10:00",40,13,27.88,40708,42147,236.9,20.25,9.48,0.81,51.82,159.9
"2024-09-16 22:20:00",41,12.99,27.75,40708,42147,236.9,20.25,9.48,0.81,51.82,159.9
"2024-09-16 22:30:00",42,13,27.63,40708,42147,236.9,20.25,9.48,0.81,51.82,159.9
"2024-09-16 22:40:00",43,13,27.5,40708,42147,236.9,20.25,9.48,0.81,51.82,159.9
"2024-09-16 22:50:00",44,13,27.37,40708,42147,236.9,20.25,9.48,0.81,51.82,159.9
"2024-09-16 23:00:00",45,13,27.28,40708,42147,236.9,20.25,9.48,0.81,51.82,159.9
"2024-09-16 23:10:00",46,13.01,27.15,40708,42147,236.9,20.25,9.48,0.81,51.82,159.9
"2024-09-16 23:20:00",47,13.01,26.96,40708,42147,236.9,20.25,9.48,0.81,51.82,159.9
"2024-09-16 23:30:00",48,13.01,26.81,40708,42147,236.9,20.25,9.48,0.81,51.82,159.9
"2024-09-16 23:40:00",49,13.02,26.68,40708,42147,236.9,20.25,9.48,0.81,51.82,159.9
"2024-09-16 23:50:00",50,13.02,26.59,40708,42147,236.9,20.25,9.48,0.81,51.82,159.9
"2024-09-17 00:00:00",51,13.02,26.47,40708,42147,236.9,20.25,9.48,0.81,51.82,159.9
"2024-09-17 00:10:00",52,13.02,26.37,40708,42147,236.9,20.25,9.48,0.81,51.82,159.9
"2024-09-17 00:20:00",53,13.02,26.28,40708,42147,236.9,20.25,9.48,0.81,51.82,159.9
"2024-09-17 00:30:00",54,13.02,26.16,40708,42147,236.9,20.25,9.48,0.81,51.82,159.9
"2024-09-17 00:40:00",55,13.02,26.07,40708,42147,236.9,20.25,9.48,0.81,51.82,159.9
"2024-09-17 00:50:00",56,13.02,25.98,40708,42147,236.9,20.25,9.48,0.81,51.82,159.9
"2024-09-17 01:00:00",57,13.03,25.89,40708,42147,236.9,20.25,9.48,0.81,51.82,159.9
"2024-09-17 01:10:00",58,13.03,25.79,40708,42147,236.9,20.25,9.48,0.81,51.82,159.9
"2024-09-17 01:20:00",59,13.03,25.67,40708,42147,236.9,20.25,9.48,0.81,51.82,159.9
"2024-09-17 01:30:00",60,13.03,25.61,40708,42147,236.9,20.25,9.48,0.81,51.82,159.9
"2024-09-17 01:40:00",61,13.02,25.49,40708,42147,236.9,20.25,9.48,0.81,51.82,159.9
"2024-09-17 01:50:00",62,13.04,25.43,40708,42147,236.9,20.25,9.48,0.81,51.82,159.9
"2024-09-17 02:00:00",63,13.04,25.31,40708,42147,236.9,20.25,9.48,0.81,51.82,159.9
"2024-09-17 02:10:00",64,13.05,25.19,40708,42147,236.9,20.25,9.48,0.81,51.82,159.9
"2024-09-17 02:20:00",65,13.04,25.07,40708,42147,236.9,20.25,9.48,0.81,51.82,159.9
"2024-09-17 02:30:00",66,13.05,24.95,40708,42147,236.9,20.25,9.48,0.81,51.82,159.9
"2024-09-17 02:40:00",67,13.04,24.84,40708,42147,236.9,20.25,9.48,0.81,51.82,159.9
"2024-09-17 02:50:00",68,13.04,24.75,40708,42147,236.9,20.25,9.48,0.81,51.82,159.9
"2024-09-17 03:00:00",69,13.05,24.66,40708,42147,236.9,20.25,9.48,0.81,51.82,159.9
"2024-09-17 03:10:00",70,13.06,24.6,40708,42147,236.9,20.25,9.48,0.81,51.82,159.9
"2024-09-17 03:20:00",71,13.06,24.48,40708,42147,236.9,20.25,9.48,0.81,51.82,159.9
"2024-09-17 03:30:00",72,13.06,24.39,40708,42147,236.9,20.25,9.48,0.81,51.82,159.9
"2024-09-17 03:40:00",73,13.06,24.3,40708,42147,236.9,20.25,9.48,0.81,51.82,159.9
"2024-09-17 03:50:00",74,13.06,24.25,40708,42147,236.9,20.25,9.48,0.81,51.82,159.9
"2024-09-17 04:00:00",75,13.06,24.16,40708,42147,236.9,20.25,9.48,0.81,51.82,159.9
"2024-09-17 04:10:00",76,13.06,24.1,40708,42147,236.9,20.25,9.48,0.81,51.82,159.9
"2024-09-17 04:20:00",77,13.06,24.04,40708,42147,236.9,20.25,9.48,0.81,51.82,159.9
"2024-09-17 04:30:00",78,13.06,24.01,40708,42147,236.9,20.25,9.48,0.81,51.82,159.9
"2024-09-17 04:40:00",79,13.07,23.96,40708,42147,236.9,20.25,9.48,0.81,51.82,159.9
"2024-09-17 04:50:00",80,13.07,23.9,40708,42147,236.9,20.25,9.48,0.81,51.82,159.9
"2024-09-17 05:00:00",81,13.06,23.87,40708,42147,236.9,20.25,9.48,0.81,51.82,159.9
"2024-09-17 05:10:00",82,13.07,23.84,40708,42147,236.9,20.25,9.48,0.81,51.82,159.9
"2024-09-17 05:20:00",83,13.07,23.78,40708,42147,236.9,20.25,9.48,0.81,51.82,159.9
"2024-09-17 05:30:00",84,13.07,23.75,40708,42147,236.9,20.25,9.48,0.81,51.82,159.9
"2024-09-17 05:40:00",85,13.07,23.72,40708,42147,236.9,20.25,9.48,0.81,51.82,159.9
"2024-09-17 05:50:00",86,13.07,23.7,40708,42147,236.9,20.25,9.48,0.81,51.82,159.9
"2024-09-17 06:00:00",87,13.07,23.67,40708,42147,236.9,20.25,9.48,0.81,51.82,159.9
"2024-09-17 06:10:00",88,13.07,23.64,40708,42147,236.9,20.25,9.48,0.81,51.82,159.9
"2024-09-17 06:20:00",89,13.07,23.61,40708,42147,236.9,20.25,9.48,0.81,51.82,159.9
"2024-09-17 06:30:00",90,13.07,23.58,40708,42147,236.9,20.25,9.48,0.81,51.82,159.9
"2024-09-17 06:40:00",91,13.07,23.52,40708,42147,236.9,20.25,9.48,0.81,51.82,159.9
"2024-09-17 06:50:00",92,13.08,23.5,40708,42147,236.9,20.25,9.48,0.81,51.82,159.9
"2024-09-17 07:00:00",93,13.08,23.5,42349,42776,162.8,15.94,6.514,0.637,77.86,32.04
"2024-09-17 07:10:00",94,13.07,23.55,42085,43335,214.1,20,8.57,0.8,64.88,64.09
"2024-09-17 07:20:00",95,13.07,23.64,41874,43668,251.6,21.07,10.06,0.843,168.7,32.04
"2024-09-17 07:30:00",96,13.07,23.81,41629,43790,284.3,22.67,11.37,0.907,-38.93,224.3
"2024-09-17 07:40:00",97,13.06,24.1,41339,44029,315.9,26.09,12.64,1.044,103.8,160.2
"2024-09-17 07:50:00",98,13.06,24.54,41160,44865,322.5,40.79,12.9,1.631,51.89,352.4
"2024-09-17 08:00:00",99,13.04,24.98,42019,45693,388,72.59,15.52,2.904,25.94,416.4
"2024-09-17 08:10:00",100,13.04,25.4,41133,45718,378.3,97.9,15.13,3.918,220.5,256.3
"2024-09-17 08:20:00",101,13.03,25.95,40910,45613,386.2,114,15.45,4.561,-90.8,512.5
"2024-09-17 08:30:00",102,13.01,26.5,40837,45142,399.7,130.2,15.99,5.207,155.6,416.4
"2024-09-17 08:40:00",103,13.01,27.06,40631,45436,407.8,143.7,16.31,5.747,298.3,384.3
"2024-09-17 08:50:00",104,13,27.66,40710,45500,419.3,159.2,16.77,6.369,38.9,672.5
"2024-09-17 09:00:00",105,13,28.17,40542,45404,389.2,176.3,15.57,7.054,311.2,544.4
"2024-09-17 09:10:00",106,12.99,28.62,40477,45235,329.4,128.7,13.18,5.149,51.86,736.4
"2024-09-17 09:20:00",107,12.98,29.08,40178,45142,428.8,166.2,17.15,6.646,194.5,800
"2024-09-17 09:30:00",108,12.98,29.52,39620,44848,275.1,218.7,11.01,8.75,-25.93,960
"2024-09-17 09:40:00",109,12.97,29.95,41103,44598,350.6,241.6,14.02,9.66,388.9,832
"2024-09-17 09:50:00",110,12.96,30.4,39077,43291,174.1,143.2,6.964,5.729,687,416.1
"2024-09-17 10:00:00",111,12.96,30.78,40134,43291,179.5,106.8,7.179,4.274,427.7,416.1
"2024-09-17 10:10:00",112,12.96,31.05,39767,44539,97.3,154,3.892,6.16,453.6,448.1
"2024-09-17 10:20:00",113,12.96,31.3,40806,43831,502.6,327.6,20.1,13.1,946,640
"2024-09-17 10:30:00",114,12.95,31.44,40818,44606,470.1,304.5,18.8,12.18,1620,1056
"2024-09-17 10:40:00",115,12.96,31.55,39315,44277,134.3,324.3,5.371,12.97,1153,1408
"2024-09-17 10:50:00",116,12.94,31.65,40620,43894,472.3,321.5,18.89,12.86,1555,672
"2024-09-17 11:00:00",117,12.94,31.83,38432,41265,124.7,73.64,4.989,2.946,324,256
"2024-09-17 11:10:00",118,12.94,31.97,41451,45252,424.7,233.5,16.99,9.34,1400,1408
"2024-09-17 11:20:00",119,12.94,32.12,40260,43812,167.3,104.2,6.694,4.166,686.8,256
"2024-09-17 11:30:00",120,12.93,32.26,40521,44248,2.827,83.7,0.113,3.348,647.9,192
"2024-09-17 11:40:00",121,12.93,32.3,40332,44266,95.9,71.75,3.835,2.87,647.9,128
"2024-09-17 11:50:00",122,12.93,32.3,40885,45023,121.2,99.7,4.846,3.989,751.6,192
"2024-09-17 12:00:00",123,12.93,32.33,41985,45874,592.4,351.5,23.69,14.06,1788,1888
"2024-09-17 12:10:00",124,12.92,32.48,40621,44305,529.1,377.1,21.16,15.08,1944,1632
"2024-09-17 12:20:00",125,12.92,32.62,40489,44070,498.2,363.6,19.93,14.55,2099,1440
"2024-09-17 12:30:00",126,12.93,32.84,40371,44025,459.1,344.7,18.36,13.79,1503,1536
"2024-09-17 12:40:00",127,12.91,32.95,40444,44157,475.2,352.8,19.01,14.11,1477,1632
"2024-09-17 12:50:00",128,12.91,33.03,39579,43277,156.1,97,6.246,3.88,168.4,543.9
"2024-09-17 13:00:00",129,12.92,33.06,40474,44142,141.3,84.9,5.653,3.395,246.2,383.9
"2024-09-17 13:10:00",130,12.92,32.99,41941,46197,502.1,371.6,20.09,14.87,1581,1792
"2024-09-17 13:20:00",131,12.92,32.99,40503,44641,508.9,352.8,20.36,14.11,1775,1632
"2024-09-17 13:30:00",132,12.92,33.03,40562,44774,580.2,405.3,23.21,16.21,1982,1792
"2024-09-17 13:40:00",133,12.91,33.21,40855,44715,553.3,369,22.13,14.76,1995,1408
"2024-09-17 13:50:00",134,12.91,33.43,39637,43732,228.8,106.4,9.15,4.257,1360,928
"2024-09-17 14:00:00",135,12.91,33.59,38566,42778,199.2,115.8,7.969,4.634,362.7,543.8
"2024-09-17 14:10:00",136,12.91,33.73,41296,45361,572.2,351.5,22.89,14.06,1671,1887
"2024-09-17 14:20:00",137,12.9,33.85,40092,43878,126.5,78.14,5.061,3.126,168.4,351.9
"2024-09-17 14:30:00",138,12.91,33.77,39857,44054,148.1,87.6,5.922,3.503,544.1,223.9
"2024-09-17 14:40:00",139,12.91,33.73,40679,44597,514.3,87.6,20.57,3.503,1827,1312
"2024-09-17 14:50:00",140,12.9,33.89,38845,43027,106.3,52.56,4.253,2.103,0,319.9
"2024-09-17 15:00:00",141,12.91,33.89,42220,45184,507.5,74.11,20.3,2.964,1697,1344
"2024-09-17 15:10:00",142,12.91,33.92,40547,44333,475.2,55.26,19.01,2.21,1658,1088
"2024-09-17 15:20:00",143,12.9,34.11,40415,44025,459.1,44.49,18.36,1.779,1516,1056
"2024-09-17 15:30:00",144,12.9,34.34,40283,43776,436.2,37.75,17.45,1.51,1334,799.7
"2024-09-17 15:40:00",145,12.9,34.5,40339,43656,432,33.58,17.28,1.343,1360,415.9
"2024-09-17 15:50:00",146,12.89,34.69,40411,43580,431.8,30.76,17.27,1.23,1192,287.9
"2024-09-17 16:00:00",147,12.89,34.85,40230,43546,428.8,30.45,17.15,1.218,660.7,223.9
"2024-09-17 16:10:00",148,12.89,35,40315,43499,423.2,27.57,16.93,1.103,634.7,191.9
"2024-09-17 16:20:00",149,12.88,35.12,40182,43263,420.4,26.18,16.82,1.047,933,63.97
"2024-09-17 16:30:00",150,12.88,35.24,40255,42969,413.7,24.78,16.55,0.991,556.9,159.9
"2024-09-17 16:40:00",151,12.88,35.28,40287,42663,407.1,23.61,16.28,0.944,1010,-63.97
"2024-09-17 16:50:00",152,12.89,35.24,40388,42428,399,22.2,15.96,0.888,505.1,159.9
"2024-09-17 17:00:00",153,12.89,35.12,40416,42206,388.1,20.75,15.52,0.83,829,-63.97
"2024-09-17 17:10:00",154,12.89,35,40431,42133,370.6,19.43,14.83,0.777,181.3,159.9
"2024-09-17 17:20:00",155,12.89,34.88,40431,42030,353.1,18.05,14.12,0.722,155.4,159.9
